1.78884
2.68960
5.20386
8.04373
10.18317
13.11288
16.06328
19.01418
21.99275
24.98349
27.98259
30.97861
33.97910
36.97948
39.06102
42.04862
45.03888
48.02921
51.02089
54.00705
57.00063
59.99437
62.99044
65.98373
68.98300
71.97808
74.97979
77.97906
80.97850
83.06071
86.04792
89.03378
92.02168
95.00967
98.00066
100.99510
103.98580
106.98180
109.97860
112.97750
115.97750
118.97890
121.97910
124.05370
127.04340
130.03830
133.02470
136.01680
139.00290
141.99680
144.99100
147.98330
150.98090
153.97920
156.97790
159.97920
162.97860
165.06470
168.05140
171.03770
174.02890
177.01840
180.01110
182.99640
185.99090
188.98790
191.98150
194.98040
197.97880
200.97740
203.97770
206.97780
209.05840
212.05060
215.03710
218.02900
221.02080
224.01690
227.00880
229.99710
232.98760
235.98360
238.98080
241.98000
244.97840
247.97860
250.97840
253.05080
256.04180
259.03030
262.02440
265.01250
268.00670
270.99420
273.98740
276.98320
279.98020
282.97840
285.97930
288.97750
291.05830
294.05180
297.04800
300.02970
303.02040
306.01100
308.99930
311.99040
314.98480
317.98000
320.98140
323.97780
326.97740
329.97770
332.97790
335.05960
338.04310
341.03410
344.02130
347.00890
349.99730
352.99440
355.98600
358.98270
361.97840
364.97760
367.97920
370.97890
373.97830
376.05800
379.04970
382.03450
385.02540
388.01500
391.00690
393.99970
396.98900
399.98470
402.98100
405.97920
408.97850
411.97790
414.97920
417.05760
420.05130
423.04270
426.03380
429.02600
432.01110
435.00420
437.99940
440.99420
443.98340
446.98240
449.97980
452.97800
455.97790
458.97890
461.97830
464.05450
467.04150
470.03370
473.02680
476.01920
479.00450
481.99510
484.99030
487.98520
490.98110
493.97840
496.97800
499.97750
502.97810
505.05820
508.05190
509.59870
509.85390
509.16140
509.21800
509.15790
509.50690
509.25170
509.21150
509.18970
509.17470
509.16530
509.15780
509.19360
509.18430
509.18190
509.40040
509.25220
509.22570
509.21230
509.20500
509.19910
509.19530
509.19230
509.19000
509.18840
509.18700
509.18590
509.18520
