1.79876
3.54976
5.19344
8.05328
10.14215
13.06755
16.01228
18.99076
21.98121
24.05883
27.03895
30.01767
32.99928
35.98541
38.97861
41.97740
44.05445
47.03739
50.01749
52.99880
55.98531
58.97855
61.97737
64.05441
67.03738
70.01749
72.99878
75.98537
78.97856
81.97737
84.05441
87.03737
90.01749
92.99878
95.98528
98.97858
101.97740
104.05440
107.03740
110.01750
112.99880
115.98530
118.97860
121.97740
124.05440
127.03740
130.01740
132.99880
135.98540
138.97860
141.97740
144.05440
147.03740
150.01750
152.99880
155.98530
158.97860
161.97740
164.05440
167.03740
170.01740
172.99880
175.98530
178.97850
181.97740
184.05440
187.03730
190.01750
192.99880
195.98530
198.97850
201.97740
204.05440
207.03730
210.01750
212.99880
215.98530
218.97870
221.97740
224.05440
227.03730
230.01750
232.99870
235.98520
238.97870
241.97740
244.05440
247.03740
250.01750
252.99880
255.98530
258.97860
261.97740
264.05440
267.03740
270.01750
272.99880
275.98540
278.97860
281.97740
284.05440
287.03740
290.01760
292.99880
295.98530
298.97870
301.97740
304.05450
307.03740
310.01760
312.99890
315.98530
318.97870
321.97740
324.05440
327.03740
330.01760
332.99880
335.98530
338.97870
341.97740
344.05440
347.03740
350.01760
352.99890
355.98530
358.97870
361.97740
364.05440
367.03740
370.01760
372.99880
375.98530
378.97870
381.97740
384.05440
387.03740
390.01750
392.99880
395.98530
398.97860
401.97740
404.05440
407.03740
410.01750
412.99880
415.98530
418.97870
421.97740
424.05440
427.03740
430.01760
432.99880
435.98530
438.97870
441.97740
444.05450
447.03740
450.01760
452.99880
455.98530
458.97870
461.97740
464.05450
467.03740
470.01760
472.99880
475.98530
478.97870
481.97740
484.05440
487.03740
490.01760
492.99880
495.98530
498.97870
501.97740
504.05440
507.03740
510.02110
509.61800
509.13190
509.17310
509.48030
509.17700
509.16880
509.12820
509.34820
509.17990
509.16710
509.16030
509.15580
509.15220
