1.78132
4.26710
6.34173
9.10684
12.02591
14.99400
15.02512
15.02793
15.02968
15.03090
16.01883
16.02873
16.03086
17.00113
17.02647
17.02950
17.03040
18.02260
18.02752
18.02878
19.01313
19.02506
19.02701
19.98461
20.02158
20.02532
20.02631
20.99570
21.02209
21.02472
21.02552
22.00864
22.02228
22.02429
22.02495
23.00973
23.02189
23.02375
23.02446
24.00404
24.02109
24.02324
24.02393
24.98635
25.01980
25.02269
25.02350
25.02392
26.01646
26.02184
26.02303
26.02358
27.00681
27.02064
27.02260
27.02328
27.02361
28.01799
28.02185
28.02283
28.02328
29.00974
29.02077
29.02250
29.02314
29.02344
30.01602
30.02133
30.02251
30.02305
30.98701
31.01916
31.02189
31.02269
31.02312
32.00947
32.02051
32.02225
32.02282
32.02308
33.01717
33.02152
33.02254
33.02298
33.99982
34.01970
34.02202
34.02267
34.02302
35.01175
35.02082
35.02229
35.02282
35.02308
36.01766
36.02151
36.02248
36.02290
37.00479
37.02008
37.02205
37.02269
37.02297
38.01363
38.02098
38.02230
38.02280
38.02301
39.01767
39.02153
39.02245
39.02287
39.99167
40.01951
40.02194
40.02261
40.02295
41.01226
41.02073
41.02222
41.02274
41.98333
42.01768
42.02151
42.02242
42.02283
42.98760
43.01912
43.02178
43.02257
43.02288
44.01041
44.02058
44.02215
44.02272
44.02296
45.01705
45.02137
45.02241
45.02285
45.98692
46.01894
46.02180
46.02253
46.02287
47.00699
47.02010
47.02206
47.02265
47.02291
48.01470
48.02103
48.02229
48.02277
48.98760
49.01921
49.02179
49.02254
49.02287
50.00837
50.02021
50.02209
50.02267
50.02291
51.01461
51.02098
51.02227
51.02275
